60
1000
13844
18117
13417
11071
10677
10083
12051
15909
14984
17860
16830
11419
12621
18240
13586
10214
17209
19974
14800
18472
19442
18983
12393
12419
14489
14884
19573
10230
12074
11144
12348
15874
18824
12388
13575
14376
11159
19402
14777
14226
10328
18061
17529
14720
13517
13173
11938
11857
17098
15301
18526
18336
11674
11108
13224
17666
16868
12126
14487
18882
33 38
2 30
13 26
1 43
23 55
0 31
27 30
6 42
34 55
25 47
21 36
52 54
23 35
47 49
6 48
4 19
31 37
35 58
15 26
4 28
0 45
39 44
41 44
10 44
38 56
42 58
36 44
32 43
7 36
36 48
19 52
12 26
17 51
11 19
19 55
16 50
8 59
4 50
11 22
29 35
14 51
2 15
51 53
40 58
7 54
1 28
28 29
39 48
0 46
36 42
21 40
9 27
0 15
16 31
6 20
8 42
6 41
16 27
16 19
43 55
28 57
4 30
27 44
8 33
31 59
40 57
6 21
4 29
11 17
24 59
36 53
17 32
31 46
28 43
55 57
19 48
18 24
26 55
31 47
19 58
21 39
14 48
2 16
9 17
23 46
7 25
18 56
23 48
2 55
45 48
18 46
0 24
33 37
14 34
26 51
0 35
24 28
18 21
49 50
46 49
44 57
36 57
22 50
10 45
13 35
23 54
34 56
0 49
2 19
30 55
27 34
4 14
53 54
8 43
3 36
4 31
8 49
3 27
3 38
29 36
6 26
15 47
34 46
39 58
23 31
27 36
9 21
33 51
7 45
37 53
30 34
36 37
42 54
16 22
14 20
13 22
45 59
29 58
22 39
14 33
2 41
55 59
26 53
20 56
0 27
24 31
25 31
10 51
3 49
39 47
25 51
30 44
36 54
48 49
3 21
26 46
1 22
30 56
25 42
17 29
11 41
25 44
11 40
3 11
5 44
43 58
22 41
2 59
19 26
13 14
0 25
12 52
22 48
1 10
1 58
34 59
55 56
0 39
11 32
11 49
14 16
12 49
10 23
34 37
8 26
4 52
3 32
17 58
1 38
51 57
5 37
5 8
0 54
6 44
35 37
10 11
27 48
22 55
2 52
9 32
45 53
37 52
14 42
12 30
18 53
31 50
21 28
19 46
32 52
6 12
31 57
15 38
2 43
3 16
37 38
26 39
37 49
7 59
20 54
38 58
27 51
5 32
44 55
3 58
21 24
39 40
9 14
16 46
21 31
25 58
22 59
13 36
23 51
30 54
3 43
22 37
19 24
15 57
10 17
16 20
18 19
13 46
13 44
2 45
33 55
20 52
42 52
3 37
44 51
1 18
0 10
37 57
13 15
23 27
8 10
19 20
1 26
25 54
0 13
20 57
20 28
39 54
16 49
35 45
17 34
24 48
16 29
1 4
14 31
57 59
30 45
8 22
42 46
14 52
8 34
3 18
37 54
11 48
19 50
7 27
4 6
10 49
11 25
6 47
12 38
10 13
29 47
14 49
42 51
13 17
7 13
22 28
4 55
22 27
7 18
32 48
30 42
15 33
1 16
5 20
32 56
1 27
45 51
29 30
32 36
23 58
7 51
24 50
32 51
28 32
15 29
7 16
11 18
40 43
7 49
20 46
10 55
24 55
19 25
38 57
7 43
2 44
0 34
39 45
24 52
2 34
21 54
12 57
13 43
11 16
0 16
14 41
46 53
19 23
21 30
26 35
25 43
13 31
45 54
26 44
10 25
37 44
43 53
4 33
6 51
3 44
34 54
19 31
10 33
31 35
18 20
26 37
7 29
24 34
23 57
16 47
10 34
26 40
18 32
31 40
38 46
17 18
1 29
2 28
26 28
28 31
17 21
35 46
28 38
5 55
39 42
5 49
15 43
19 59
48 56
41 55
2 46
27 29
8 36
34 42
23 33
24 58
13 34
5 9
1 31
33 35
37 39
25 28
24 41
15 24
6 34
28 37
20 22
26 56
14 32
16 55
40 56
52 56
36 56
3 59
11 27
17 43
10 57
0 50
50 54
51 58
12 13
52 57
2 42
0 19
31 41
43 48
25 56
5 29
15 17
14 30
5 56
18 33
13 30
22 42
40 49
47 48
11 51
13 56
2 51
30 49
7 44
18 49
19 37
20 47
45 47
13 20
6 58
49 52
0 41
25 36
42 47
14 23
44 45
4 53
8 27
10 53
1 42
6 22
42 44
1 25
2 23
20 21
30 41
53 59
28 47
20 24
3 50
5 30
30 37
6 50
24 47
0 33
28 52
16 39
3 20
37 48
35 43
8 28
5 25
38 54
12 16
33 45
2 40
6 36
17 23
1 24
42 56
4 21
8 45
8 53
3 51
4 37
9 30
16 17
45 50
20 25
0 12
19 57
0 14
16 37
20 48
11 23
51 54
4 26
12 58
22 58
5 13
6 13
0 48
2 58
4 8
27 58
22 35
7 9
25 52
5 46
25 34
3 6
9 26
27 42
3 55
2 38
38 51
13 21
50 59
0 3
50 55
29 53
21 32
5 22
25 41
18 26
11 42
12 35
15 36
22 31
10 46
16 53
44 53
43 46
14 28
0 40
10 31
29 57
5 36
42 55
6 7
5 11
7 38
20 50
18 23
4 13
0 30
4 59
18 28
4 34
31 55
14 25
33 56
34 48
19 30
15 32
24 43
48 59
56 59
8 24
9 41
24 29
7 22
9 51
9 37
25 57
12 21
47 59
32 42
21 42
16 24
21 53
15 41
8 38
13 45
35 48
38 43
30 46
36 46
10 54
32 47
9 12
8 40
8 44
27 56
26 58
14 55
12 42
22 44
3 24
7 47
16 21
25 49
0 26
9 38
5 51
0 28
5 45
8 50
8 55
17 44
0 17
32 53
0 22
38 55
4 22
31 43
4 5
25 39
7 8
4 48
36 41
36 40
46 50
4 36
39 51
33 36
21 25
28 51
20 30
14 17
0 5
1 35
12 29
22 33
18 55
18 37
19 47
4 58
18 51
13 24
43 45
34 49
27 41
8 37
12 18
27 49
18 42
22 40
11 35
23 50
10 36
11 50
24 27
0 58
56 57
9 56
9 18
31 54
0 21
15 56
7 26
37 47
25 27
2 29
1 46
18 27
20 53
32 38
30 35
19 35
11 28
13 37
12 54
14 59
2 31
33 40
37 59
27 39
28 46
48 53
32 57
34 40
26 45
35 36
3 10
12 34
10 39
9 45
43 57
25 46
15 54
14 24
23 28
10 28
8 13
28 48
1 15
9 50
13 19
4 54
30 33
2 7
7 20
34 57
40 51
28 42
1 49
6 45
5 57
44 49
15 55
9 31
12 20
8 20
50 57
24 56
12 37
22 24
17 39
17 35
35 49
13 16
36 38
20 39
11 31
25 40
32 45
10 32
6 56
8 47
2 18
51 55
24 49
24 44
10 30
18 41
25 30
9 34
48 58
26 27
41 45
35 42
25 38
21 22
8 54
36 47
2 10
20 27
23 26
41 52
29 49
5 14
10 14
15 49
34 58
6 32
19 40
25 55
35 55
38 48
7 21
14 39
11 53
8 15
11 47
7 19
1 41
1 5
45 49
9 19
3 48
6 33
17 54
14 56
10 43
35 51
6 9
3 40
6 18
4 39
7 50
0 1
47 54
12 28
52 53
28 44
21 23
1 45
32 40
17 33
44 52
4 49
13 33
29 51
35 38
24 54
40 48
20 23
12 41
3 7
17 28
26 30
29 32
37 45
47 55
45 57
21 34
42 57
12 47
2 39
22 29
16 28
5 19
46 59
37 50
23 34
7 31
37 40
20 55
41 57
4 20
4 24
32 34
46 57
34 53
18 57
37 46
2 17
11 24
21 49
23 56
42 53
16 18
17 57
3 53
34 36
41 56
50 58
20 45
20 58
21 48
23 53
34 47
1 32
3 33
23 43
12 22
13 59
19 28
3 56
13 27
30 51
7 15
8 25
19 41
21 44
13 52
6 15
0 23
2 22
7 32
26 32
14 57
16 42
35 59
26 50
9 20
13 47
6 49
10 18
40 47
26 38
5 47
54 59
1 57
5 21
11 36
33 54
46 54
5 35
2 47
0 53
12 14
32 49
16 56
31 36
16 58
23 45
29 46
11 34
32 44
37 42
4 18
27 31
14 40
2 8
4 41
32 33
19 33
38 42
0 6
34 50
4 51
28 41
6 54
51 59
10 37
16 35
1 9
54 55
5 50
20 40
39 49
3 35
31 42
28 56
8 11
0 2
13 25
8 56
2 26
19 45
44 46
19 39
31 52
15 53
1 3
13 53
16 38
21 50
4 32
19 22
41 42
21 29
3 30
15 31
11 26
17 46
48 50
29 52
1 55
14 19
45 55
1 36
15 48
17 20
48 54
7 33
16 57
7 58
17 41
30 32
33 52
19 42
29 45
31 48
9 58
15 22
16 48
47 57
15 44
5 23
21 51
2 35
37 41
19 29
47 52
13 54
7 23
8 21
17 19
6 10
9 10
12 53
35 44
6 16
43 44
16 44
3 52
8 58
0 9
1 19
21 35
6 35
42 59
22 57
47 58
26 41
2 12
23 41
23 40
12 45
30 59
12 40
6 24
7 41
17 38
20 38
2 5
33 48
41 50
0 47
14 36
13 57
9 15
3 4
34 44
0 52
27 52
18 59
45 58
13 38
11 30
11 14
27 38
9 22
23 24
