400
1000
10021
19648
12612
15061
17244
11862
13605
13556
18486
18128
19004
13947
19926
17862
19427
19083
11892
15666
18655
17451
12734
12607
10180
11266
18367
16234
16827
13431
18521
14122
18765
14721
19837
10253
14015
14256
18568
15941
15287
18804
12797
16569
10114
10590
15070
13994
12009
19538
17491
16331
18913
14408
19550
13392
19922
15177
19527
16604
12348
10238
19511
18653
11485
10681
18147
19449
12482
15614
11390
14629
12514
11948
18805
14085
17639
16166
17117
12547
15592
13628
19896
10604
15599
19593
12612
14227
14605
10912
18809
11983
15114
15257
17333
14380
16410
11354
18627
18413
16740
15976
17464
17288
18335
14374
19945
15128
13896
11512
17918
14239
19490
12733
14553
11783
19076
11321
12992
19116
12399
13820
11773
16863
15584
19109
10411
12738
18391
17735
14429
15905
14160
10815
12743
11360
15871
14369
10392
18001
16648
11399
18700
16631
18758
15239
14173
11601
18734
13507
16244
18524
11362
17382
13762
16653
15523
10678
11012
18283
15468
17468
17897
18533
14896
17379
15576
11016
17015
11187
14839
17875
10984
14482
11301
10892
16586
13506
16895
15186
10019
17003
14074
15678
13775
11367
12536
12185
13934
16548
10200
16813
13647
10192
10894
10000
17724
14489
12442
16145
14882
11588
12749
14413
15117
12597
13447
13128
16776
16006
17358
11240
14950
18857
19538
11837
17388
11268
13264
12996
10731
13359
12478
13957
10794
15048
16039
15146
14593
12128
15069
10321
15560
14311
14825
11395
19198
16901
16968
10819
17093
17339
10357
17334
16849
10084
12605
16793
14241
10841
10311
19044
11321
14432
11407
15028
13800
19371
18904
10143
14329
14373
17625
11139
18746
14283
16208
10334
17025
16707
18658
10836
10434
16500
19377
15687
19845
10959
18169
12920
18456
13729
13814
12527
16517
13080
14933
18214
14707
10434
10070
16909
17630
15668
17538
17630
17708
16320
16248
14555
19173
17333
19457
16332
12115
13792
12420
15731
19419
10812
13458
17617
15863
10234
10077
16675
16366
11769
11609
15601
17819
16008
19820
15940
13597
11357
10741
17492
12060
18709
17269
16903
14621
12904
12768
11528
14245
19181
16402
19365
17614
15126
18663
19677
17569
14686
12919
19286
18444
19954
19236
10457
17345
12724
19540
18045
14276
11710
14256
12489
16822
14881
14570
13119
10678
10823
16098
12153
14892
19593
16887
17696
10267
13218
15902
18208
14851
12714
18283
12727
11707
13293
14858
15675
16868
18096
13595
17190
12280
18323
12054
12267
14092
19209
15038
11897
16446
14990
17997
10967
10704
15740
7 208
276 342
38 149
309 337
139 271
216 343
1 363
296 370
211 382
224 361
58 120
44 117
304 389
78 217
61 340
144 175
17 183
211 231
51 96
63 296
195 391
193 290
24 309
135 256
51 98
101 341
233 343
15 368
104 339
179 303
94 101
1 309
277 298
209 300
132 361
90 344
11 124
323 378
329 339
336 361
197 376
86 192
136 209
125 247
309 396
79 357
108 372
50 317
323 368
265 293
333 378
273 295
140 371
134 236
157 259
175 235
221 319
54 85
17 329
181 359
205 302
299 311
75 151
112 218
296 341
41 325
132 337
100 382
163 370
165 387
184 240
52 254
25 52
76 166
203 380
43 267
103 335
78 187
157 328
96 146
290 385
138 314
191 395
87 394
116 285
167 194
276 381
328 356
206 249
29 345
206 290
210 375
46 138
158 161
23 211
177 378
1 23
311 392
94 260
47 51
230 387
92 326
191 325
164 165
161 173
188 334
229 399
71 373
57 137
160 228
105 202
73 114
11 25
95 114
359 377
127 348
80 100
350 358
33 192
125 259
37 312
238 376
301 363
67 157
141 392
165 190
27 203
7 237
57 199
307 377
121 253
236 352
26 275
42 388
0 338
135 307
75 342
3 262
294 370
93 236
42 126
54 64
327 355
166 336
142 321
300 301
104 126
85 97
154 377
35 283
157 352
151 347
45 140
36 280
247 350
161 220
20 246
22 361
387 390
27 38
185 330
156 305
95 219
19 86
305 328
3 373
85 269
131 183
35 249
298 396
38 315
77 207
53 333
238 360
62 388
211 323
226 365
133 294
164 320
8 151
237 371
110 236
33 362
149 324
222 347
122 144
46 187
159 351
272 383
61 174
139 349
159 244
220 231
140 396
29 179
105 264
161 332
99 268
63 275
130 287
81 286
240 362
233 291
138 354
11 235
39 64
96 335
129 364
52 335
163 318
269 273
66 244
65 148
109 229
143 339
247 393
349 385
149 337
258 317
186 383
284 336
201 314
12 28
220 378
16 187
34 157
27 257
187 284
35 108
2 161
113 237
107 273
145 319
52 319
61 66
77 180
12 41
237 350
152 303
172 177
223 336
126 191
322 369
73 299
150 346
24 377
106 217
21 52
207 394
164 375
230 281
289 352
267 322
26 227
198 235
302 387
95 315
65 162
4 21
248 358
66 268
113 348
2 196
168 327
27 362
210 328
168 391
211 263
8 189
12 267
108 382
27 81
23 363
2 212
130 374
273 292
12 246
3 340
63 142
4 24
384 396
202 211
26 138
207 358
239 377
286 327
67 71
108 233
12 317
153 166
251 344
29 369
199 295
311 345
145 295
48 262
25 130
293 346
248 388
150 387
295 327
154 200
53 141
67 256
299 378
5 98
9 282
267 398
99 156
38 378
52 225
30 119
82 367
200 335
172 271
307 343
74 146
311 326
47 99
78 333
122 259
32 170
11 198
44 341
37 157
63 295
363 391
144 314
17 336
26 241
114 240
165 372
25 112
156 327
0 322
231 251
93 109
95 373
73 133
334 381
208 250
39 165
120 303
181 259
55 365
69 262
306 357
177 236
63 147
305 345
80 394
131 149
93 134
100 213
61 334
3 24
34 297
132 191
21 300
131 204
48 298
142 309
60 393
212 295
52 60
132 243
74 247
211 330
106 135
169 380
283 331
114 394
179 181
25 377
80 297
116 376
114 156
19 108
55 265
303 331
152 218
279 356
242 280
208 395
93 259
174 223
173 387
243 253
167 222
156 238
229 315
42 312
97 182
92 183
101 105
317 321
116 387
140 165
58 381
141 396
186 227
229 246
121 192
25 250
243 354
60 141
197 326
123 360
122 335
53 242
65 245
170 363
44 87
63 70
7 213
157 189
174 184
95 138
73 382
372 394
5 239
102 287
263 270
323 365
46 56
235 373
14 305
62 167
213 253
41 157
275 386
273 393
96 99
262 352
73 140
113 204
170 269
153 243
176 245
1 146
375 394
39 53
7 382
72 194
232 362
16 79
72 231
5 147
173 318
34 91
118 329
87 293
40 183
142 351
4 193
269 377
63 272
187 202
0 253
45 336
97 323
186 371
305 385
85 218
219 345
142 357
261 363
269 308
165 220
158 214
198 340
91 309
376 393
85 166
102 211
134 184
78 383
57 344
107 154
40 320
239 360
104 242
70 315
305 318
58 206
35 87
15 67
196 318
28 369
380 397
298 352
120 260
86 252
158 278
259 306
231 373
44 221
64 112
222 354
202 377
164 395
92 373
251 399
6 305
280 361
7 360
29 165
272 381
72 197
120 344
48 77
136 172
189 392
57 129
187 330
63 249
194 234
198 364
133 331
67 209
60 267
218 255
156 369
187 311
12 325
177 271
128 138
225 286
18 131
93 233
127 207
293 333
305 388
54 253
72 249
270 336
295 331
109 297
156 272
19 135
43 158
35 81
30 246
79 241
31 283
199 328
335 374
49 268
149 152
166 358
165 304
114 190
35 222
36 348
74 332
292 355
32 174
227 337
229 306
334 346
34 246
168 194
150 207
133 271
50 71
84 131
4 391
96 367
225 257
305 306
64 135
98 341
52 54
232 288
86 116
243 332
72 306
332 394
278 393
299 383
325 366
0 148
144 193
276 361
180 351
157 345
49 97
6 189
285 289
221 383
242 262
21 284
341 352
26 54
219 284
271 273
114 396
29 229
279 364
17 147
225 316
40 348
125 347
102 318
103 220
56 154
94 217
10 399
58 139
206 359
7 40
176 296
67 391
133 354
107 285
96 237
258 304
163 220
164 229
307 387
110 263
284 324
26 89
164 235
78 344
114 253
41 93
108 290
97 253
14 129
152 375
55 295
2 142
159 160
207 236
216 218
189 270
161 372
10 261
216 267
12 298
316 373
13 124
93 292
206 360
239 371
26 151
174 355
180 273
2 378
203 263
239 242
189 282
12 62
156 208
48 56
261 379
127 220
24 103
124 214
15 280
19 156
67 288
51 356
201 222
26 124
37 243
169 211
134 343
95 141
19 109
296 363
125 149
90 269
353 365
67 126
159 196
5 64
112 157
43 231
252 318
138 376
190 275
139 240
140 338
111 183
118 232
60 279
77 149
35 183
283 354
315 329
91 160
30 336
28 363
72 332
77 286
149 290
219 272
206 317
182 366
197 273
36 48
219 356
143 271
161 203
200 366
124 266
317 382
109 373
227 358
21 38
0 242
290 364
54 379
114 302
191 296
11 60
35 396
45 291
105 231
216 331
126 261
228 238
376 382
269 294
137 237
4 86
46 289
139 244
207 317
314 344
1 391
66 212
86 213
180 230
94 310
164 365
18 62
229 360
169 217
228 345
13 222
248 287
342 382
62 85
110 346
49 137
167 180
115 130
92 160
39 254
65 176
80 355
179 336
25 330
94 134
229 313
107 243
63 87
85 376
149 310
4 322
32 56
29 227
288 290
252 278
250 264
85 142
72 260
29 164
191 278
34 212
0 184
183 270
330 364
174 393
159 219
318 350
29 193
8 31
111 270
318 373
43 140
46 353
104 117
367 397
2 121
70 324
82 239
42 223
8 243
273 358
185 299
286 344
246 260
113 123
155 373
225 240
37 219
80 375
56 316
285 373
126 193
116 129
21 333
68 268
289 346
72 319
176 334
270 297
91 372
91 318
103 283
37 128
200 354
57 127
40 173
230 351
14 250
123 389
114 193
265 395
163 308
36 243
245 271
51 104
33 214
58 96
62 386
64 268
331 370
258 372
120 308
13 71
134 357
32 67
58 337
62 187
308 321
35 68
190 369
125 366
153 353
94 211
179 246
173 254
23 326
140 380
155 334
92 263
206 384
116 216
220 265
350 392
251 392
109 196
75 152
185 217
240 325
207 348
2 399
194 363
96 217
82 91
315 344
86 386
14 150
116 146
134 182
177 184
90 353
42 206
158 306
223 321
101 292
244 395
89 287
141 277
250 306
188 223
153 321
285 299
5 385
156 320
81 210
96 281
38 224
324 325
113 373
264 296
358 371
264 341
60 125
150 203
378 386
270 382
103 138
179 385
256 271
33 358
115 138
100 283
326 357
80 193
44 355
163 203
228 372
41 116
184 291
161 170
38 217
162 236
152 353
324 367
43 218
231 295
124 196
75 228
236 283
176 209
37 230
90 188
67 223
77 365
6 363
3 366
26 168
264 315
30 329
111 129
215 220
128 305
11 82
15 193
3 82
14 396
4 64
46 199
175 227
299 382
73 111
210 238
233 394
266 314
14 282
180 294
342 349
130 211
253 255
126 311
54 92
275 330
209 376
169 276
203 316
18 242
205 374
199 289
79 232
169 183
31 208
135 177
198 298
326 393
116 173
131 353
60 353
69 301
139 299
63 337
240 267
5 58
47 86
101 164
34 167
3 377
11 395
0 16
90 399
97 139
156 372
5 123
159 164
175 251
52 259
218 276
262 307
41 380
184 290
156 211
210 312
33 321
214 232
7 388
30 202
41 249
5 261
92 274
53 353
