60
300
14353
10811
19665
15981
18266
12531
10440
11142
12239
11783
15002
19139
10880
17563
16059
19389
10538
15423
15351
17652
16865
18542
12130
19016
15897
14841
14097
11413
11127
18907
16217
19858
10345
13647
12320
18088
10477
15328
12351
15478
19534
14586
13290
10113
18189
12569
16671
13300
13518
12311
16479
19593
11987
10597
16958
15850
10185
10187
19121
15659
19 22
43 59
20 58
22 48
48 59
15 17
7 50
15 56
9 19
42 47
40 42
16 54
55 59
12 24
21 40
13 25
5 58
12 51
20 33
10 42
16 59
3 51
21 57
56 58
8 50
0 34
0 32
31 52
44 48
54 57
1 31
19 27
6 15
15 19
4 32
32 58
3 53
3 27
39 53
18 52
15 16
15 44
0 55
40 50
33 36
10 26
37 56
30 59
19 26
14 54
2 14
40 51
15 33
23 31
22 53
20 40
10 41
8 9
8 56
8 52
50 53
28 49
45 51
28 54
7 32
19 20
3 32
0 46
12 38
47 52
0 42
33 41
19 54
8 39
19 50
34 44
10 36
17 58
2 19
10 49
11 21
11 52
43 53
20 22
12 48
9 22
24 57
29 43
3 36
8 31
4 57
16 53
35 54
13 56
3 45
41 48
10 48
31 46
36 54
24 53
7 15
22 26
7 24
25 47
7 26
28 43
23 54
21 43
25 26
34 41
10 25
11 38
33 45
7 49
8 40
17 49
9 10
17 30
36 38
23 59
2 52
7 8
9 50
15 51
29 44
21 53
34 39
2 26
19 38
38 42
7 34
26 31
4 40
26 55
12 44
46 58
13 54
3 24
2 16
24 54
43 56
4 29
14 42
13 16
3 39
7 38
13 21
11 26
9 49
25 57
15 18
2 34
40 54
9 45
39 57
0 25
23 43
2 7
23 25
41 51
39 42
18 45
36 58
54 58
56 59
31 57
6 58
22 43
29 48
22 28
1 41
24 41
6 10
9 13
28 32
35 56
18 28
1 13
21 47
13 28
30 52
5 37
12 45
11 15
25 36
36 55
43 44
38 55
1 50
10 46
5 52
29 59
0 20
39 50
22 57
20 38
11 41
6 25
37 38
3 34
14 30
29 55
16 30
5 41
31 45
27 28
6 19
19 58
10 20
41 46
2 55
18 42
0 45
55 57
37 57
22 52
15 22
1 57
10 34
2 13
16 23
27 40
4 39
22 54
8 25
35 39
34 47
12 36
18 34
16 45
10 19
9 59
4 27
20 32
53 58
26 59
41 59
26 53
47 58
26 49
2 11
1 34
33 57
36 49
11 30
1 51
7 47
21 30
27 45
12 59
49 59
7 18
16 22
5 11
45 56
16 20
7 12
2 57
5 17
40 41
14 45
15 32
7 55
17 33
0 13
19 34
19 37
2 53
34 57
39 51
29 39
43 48
18 22
11 22
10 18
1 47
11 45
14 25
7 30
19 28
2 46
31 47
34 59
40 55
51 58
23 55
15 49
9 24
23 32
28 34
4 19
34 42
16 31
10 15
39 43
5 8
15 43
4 8
0 21
52 57
